K-Nearest Neighbour Classification Report
==========================================

              precision    recall  f1-score   support

           0       1.00      1.00      1.00        20
           1       1.00      1.00      1.00        20
           2       0.95      1.00      0.98        20
           3       1.00      1.00      1.00        20
           4       1.00      1.00      1.00        20
           5       1.00      1.00      1.00        20
           6       0.95      1.00      0.98        20
           7       1.00      1.00      1.00        20
           8       0.91      1.00      0.95        20
           9       0.95      1.00      0.98        20
          10       0.95      0.95      0.95        20
          11       1.00      0.95      0.97        20
          12       0.95      1.00      0.98        20
          13       1.00      0.90      0.95        20
          14       1.00      1.00      1.00        20
          15       1.00      1.00      1.00        20
          16       1.00      0.95      0.97        20
          17       1.00      1.00      1.00        20
          18       1.00      0.95      0.97        20
          19       0.95      1.00      0.98        20
          20       1.00      0.90      0.95        20
          21       1.00      1.00      1.00        20

    accuracy                           0.98       440
   macro avg       0.98      0.98      0.98       440
weighted avg       0.98      0.98      0.98       440


Logistic Regression Classification Report
=============================================

              precision    recall  f1-score   support

           0       1.00      1.00      1.00        20
           1       1.00      1.00      1.00        20
           2       0.95      1.00      0.98        20
           3       1.00      1.00      1.00        20
           4       0.95      1.00      0.98        20
           5       1.00      1.00      1.00        20
           6       0.95      1.00      0.98        20
           7       1.00      1.00      1.00        20
           8       0.83      1.00      0.91        20
           9       1.00      1.00      1.00        20
          10       0.94      0.85      0.89        20
          11       1.00      0.95      0.97        20
          12       0.95      1.00      0.98        20
          13       0.90      0.90      0.90        20
          14       1.00      1.00      1.00        20
          15       1.00      1.00      1.00        20
          16       1.00      0.95      0.97        20
          17       1.00      0.95      0.97        20
          18       1.00      1.00      1.00        20
          19       1.00      1.00      1.00        20
          20       0.94      0.80      0.86        20
          21       1.00      1.00      1.00        20

    accuracy                           0.97       440
   macro avg       0.97      0.97      0.97       440
weighted avg       0.97      0.97      0.97       440


Random Forest Classification Report
==========================================

              precision    recall  f1-score   support

           0       1.00      1.00      1.00        20
           1       1.00      1.00      1.00        20
           2       1.00      0.95      0.97        20
           3       1.00      1.00      1.00        20
           4       1.00      1.00      1.00        20
           5       1.00      1.00      1.00        20
           6       1.00      1.00      1.00        20
           7       1.00      1.00      1.00        20
           8       0.95      1.00      0.98        20
           9       1.00      1.00      1.00        20
          10       1.00      1.00      1.00        20
          11       0.95      1.00      0.98        20
          12       1.00      1.00      1.00        20
          13       1.00      1.00      1.00        20
          14       1.00      1.00      1.00        20
          15       1.00      1.00      1.00        20
          16       1.00      1.00      1.00        20
          17       1.00      1.00      1.00        20
          18       1.00      1.00      1.00        20
          19       1.00      1.00      1.00        20
          20       1.00      0.95      0.97        20
          21       1.00      1.00      1.00        20

    accuracy                           1.00       440
   macro avg       1.00      1.00      1.00       440
weighted avg       1.00      1.00      1.00       440
